POSIZIONI COKE CAN 
(0.58, -0.22, 0.1)
(0.42, -0.20, 0.1)
(0.45, -0.12, 0.1)
(0.32, -0.27, 0.1)
(0.55, -0.3, 0.1)
(0.52, -0.24, 0.1)
(0.47, -0.18, 0.1)
(0.38, -0.25, 0.1)
(0.43, -0.07, 0.1)
(0.46, -0.03, 0.1)
(0.41, -0.13, 0.1)
(0.51, -0.19, 0.1)
(0.53, -0.26, 0.1)
(0.6, -0.14, 0.1)
(0.59, -0.09, 0.1)
(0.37, -0.03, 0.1)
(0.35, -0.29, 0.1)
(0.34, -0.17, 0.1)
(0.44, -0.16, 0.1)
(0.58, -0.28, 0.1)
(0.56, -0.21, 0.1)
(0.4, -0.2, 0.1)
(0.36, -0.08, 0.1)
(0.33, -0.31, 0.1)
(0.54, -0.15, 0.1)
(0.5, -0.04, 0.1)
(0.39, -0.02, 0.1)
(0.48, -0.195, 0.1)
(0.61, -0.235, 0.1)
(0.425, -0.145, 0.1)
(0.535, -0.295, 0.1)
(0.585, -0.21, 0.1)
(0.405, -0.14, 0.1)
(0.385, -0.1, 0.1)
(0.445, -0.19, 0.1)
(0.525, -0.23, 0.1)
(0.395, -0.12, 0.1)
(0.555, -0.27, 0.1)
(0.415, -0.22, 0.1)
(0.385, -0.26, 0.1)
(0.365, -0.13, 0.1)
(0.435, -0.25, 0.1)
(0.565, -0.16, 0.1)
(0.455, -0.07, 0.1)
(0.325, -0.03, 0.1)
(0.335, -0.09, 0.1)
(0.575, -0.245, 0.1)
(0.605, -0.06, 0.1)
(0.375, -0.26, 0.1)
(0.475, -0.28, 0.1)
(0.58, -0.255, 0.1)*
(0.5, -0.22, 0.1)
(0.58, -0.22, 0.1)
(0.58, -0.255, 0.1)
(0.475, -0.28, 0.1)
(0.375, -0.26, 0.1)
(0.605, -0.06, 0.1)
(0.575, -0.245, 0.1)
(0.335, -0.09, 0.1)
(0.325, -0.03, 0.1)
(0.455, -0.07, 0.1)
(0.565, -0.16, 0.1)
(0.435, -0.25, 0.1)
(0.365, -0.13, 0.1)
(0.385, -0.26, 0.1)
(0.415, -0.22, 0.1)
(0.555, -0.27, 0.1)
(0.395, -0.12, 0.1)
(0.525, -0.23, 0.1)
(0.445, -0.19, 0.1)
(0.385, -0.1, 0.1)
(0.405, -0.14, 0.1)
(0.585, -0.21, 0.1)
(0.535, -0.295, 0.1)
(0.425, -0.145, 0.1)
(0.61, -0.235, 0.1)
(0.48, -0.195, 0.1)
(0.39, -0.02, 0.1)
(0.5, -0.04, 0.1)
(0.54, -0.15, 0.1)
(0.33, -0.31, 0.1)
(0.36, -0.08, 0.1)
(0.4, -0.2, 0.1)
(0.56, -0.21, 0.1)
(0.58, -0.28, 0.1)
(0.57, -0.225, 0.1)
(0.345, -0.213, 0.1)
(0.58, -0.22, 0.1)
(0.58, -0.255, 0.1)
(0.475, -0.28, 0.1)
(0.375, -0.26, 0.1)
(0.605, -0.06, 0.1)
(0.575, -0.245, 0.1)
(0.335, -0.185, 0.1)
(0.325, -0.03, 0.1)
(0.455, -0.07, 0.1)
(0.565, -0.16, 0.1)
(0.435, -0.25, 0.1)
(0.365, -0.13, 0.1)
(0.32, -0.29, 0.1)**
(0.423, -0.217, 0.1)
(0.577, -0.13, 0.1)
(0.398, -0.179, 0.1)
(0.617, -0.199, 0.1)
(0.5124, -0.249, 0.1)
(0.4876, -0.051, 0.1)
(0.362, -0.311, 0.1)
(0.388, -0.089, 0.1)
(0.442, -0.2534, 0.1)
(0.558, -0.1543, 0.1)
(0.542, -0.2534, 0.1)
(0.458, -0.1466, 0.1)
(0.58, -0.22, 0.1)
(0.58, -0.255, 0.1)
(0.475, -0.28, 0.1)
(0.375, -0.26, 0.1)
(0.605, -0.06, 0.1)
(0.575, -0.245, 0.1)
(0.335, -0.191, 0.1)
(0.325, -0.0389, 0.1)
(0.455, -0.07545, 0.1)
(0.565, -0.1698, 0.1)
(0.435, -0.2546, 0.1)
(0.365, -0.1313, 0.1)
(0.385, -0.2612, 0.1)
(0.415, -0.2234, 0.1)
(0.555, -0.2787, 0.1)
(0.395, -0.1245, 0.1)
(0.525, -0.232, 0.1)
(0.445, -0.1921, 0.1)
(0.385, -0.112, 0.1)
(0.405, -0.1426, 0.1)
(0.585, -0.2123, 0.1)
(0.535, -0.295, 0.1)
(0.425, -0.145, 0.1)
(0.61, -0.235, 0.1)
(0.48, -0.195, 0.1)
(0.39, -0.02, 0.1)
(0.5, -0.04, 0.1)
(0.54, -0.15, 0.1)
(0.33, -0.31, 0.1)
(0.36, -0.08, 0.1)
(0.4232, -0.001, 0.1)
(0.5768, -0.299, 0.1)
(0.398, -0.179, 0.1)
(0.617, -0.199, 0.1)
(0.5124, -0.249, 0.1)
(0.4876, -0.051, 0.1)
(0.36242, -0.311, 0.1)
(0.3883, -0.089, 0.1)
(0.44248, -0.2534, 0.1)
(0.5582, -0.1466, 0.1)



(0.58, 0.22, 0.1)
(0.58, 0.255, 0.1)
(0.475, 0.28, 0.1)
(0.375, 0.26, 0.1)
(0.605, 0.06, 0.1)
(0.575, 0.245, 0.1)
(0.335, 0.09, 0.1)
(0.325, 0.03, 0.1)
(0.455, 0.07, 0.1)
(0.565, 0.16, 0.1)
(0.435, 0.25, 0.1)
(0.365, 0.13, 0.1)
(0.385, 0.26, 0.1)
(0.415, 0.22, 0.1)
(0.555, 0.27, 0.1)
(0.395, 0.12, 0.1)
(0.525, 0.23, 0.1)
(0.445, 0.19, 0.1)
(0.385, 0.1, 0.1)
(0.405, 0.14, 0.1)
(0.585, 0.21, 0.1)
(0.535, 0.295, 0.1)
(0.425, 0.145, 0.1)
(0.61, 0.235, 0.1)
(0.48, 0.195, 0.1)
(0.39, 0.02, 0.1)
(0.5, 0.04, 0.1)
(0.54, 0.15, 0.1)
(0.33, 0.31, 0.1)
(0.36, 0.08, 0.1)
(0.4, 0.2, 0.1)
(0.56, 0.21, 0.1)
(0.58, 0.28, 0.1)
(0.44, 0.16, 0.1)
(0.34, 0.17, 0.1)
(0.35, 0.29, 0.1)
(0.37, 0.03, 0.1)
(0.43, 0.07, 0.1)
(0.38, 0.25, 0.1)
(0.47, 0.18, 0.1)
(0.52, 0.24, 0.1)
(0.55, 0.3, 0.1)
(0.32, 0.27, 0.1)
(0.45, 0.12, 0.1)
(0.42, 0.20, 0.1)
(0.58, 0.22, 0.1)
(0.59, 0.09, 0.1)
(0.6, 0.14, 0.1)
(0.53, 0.26, 0.1)
(0.51, 0.19, 0.1)
(0.41, 0.13, 0.1)
(0.46, 0.03, 0.1)
(0.5, 0.22, 0.1)*
(0.58, 0.255, 0.1)
(0.5, 0.22, 0.1)
(0.58, 0.22, 0.1)
(0.56, 0.155, 0.1)
(0.475, 0.28, 0.1)
(0.375, 0.26, 0.1)
(0.605, 0.06, 0.1)
(0.575, 0.245, 0.1)
(0.335, 0.09, 0.1)
(0.325, 0.03, 0.1)
(0.455, 0.07, 0.1)
(0.565, 0.16, 0.1)
(0.435, 0.25, 0.1)
(0.365, 0.13, 0.1)
(0.385, 0.26, 0.1)
(0.415, 0.22, 0.1)
(0.555, 0.27, 0.1)
(0.395, 0.12, 0.1)
(0.525, 0.23, 0.1)
(0.445, 0.19, 0.1)
(0.385, 0.1, 0.1)
(0.405, 0.14, 0.1)
(0.585, 0.21, 0.1)
(0.535, 0.295, 0.1)
(0.425, 0.145, 0.1)
(0.61, 0.235, 0.1)
(0.48, 0.195, 0.1)
(0.39, 0.02, 0.1)
(0.5, 0.04, 0.1)
(0.54, 0.15, 0.1)
(0.33, 0.31, 0.1)
(0.36, 0.08, 0.1)
(0.4, 0.2, 0.1)
(0.56, 0.21, 0.1)
(0.58, 0.205, 0.1)
(0.57, 0.225, 0.1)
(0.345, 0.213, 0.1)
(0.5, 0.17, 0.1)
(0.395, 0.05, 0.1)
(0.475, 0.28, 0.1)
(0.375, 0.26, 0.1)
(0.605, 0.06, 0.1)
(0.57, 0.245, 0.1)
(0.335, 0.185, 0.1)
(0.325, 0.03, 0.1)
(0.455, 0.07, 0.1)
(0.565, 0.16, 0.1)
(0.435, 0.25, 0.1)
(0.365, 0.13, 0.1)
(0.32, 0.29, 0.1)**
(0.423, 0.217, 0.1)
(0.577, 0.13, 0.1)
(0.398, 0.179, 0.1)
(0.617, 0.199, 0.1)
(0.5124, 0.249, 0.1)
(0.4876, 0.051, 0.1)
(0.362, 0.311, 0.1)
(0.388, 0.089, 0.1)
(0.442, 0.2534, 0.1)
(0.558, 0.1543, 0.1)
(0.542, 0.2534, 0.1)
(0.458, 0.1466, 0.1)
(0.58, 0.22, 0.1)
(0.58, 0.255, 0.1)
(0.475,0.28, 0.1)
(0.375, 0.26, 0.1)
(0.605, 0.06, 0.1)
(0.575, 0.245, 0.1)
(0.335, 0.191, 0.1)
(0.325, 0.0389, 0.1)
(0.455, 0.07545, 0.1)
(0.565, 0.1698, 0.1)
(0.435, 0.2546, 0.1)
(0.365,0.1313, 0.1)
(0.385, 0.2612, 0.1)
(0.415, 0.2234, 0.1)
(0.555, 0.2787, 0.1)
(0.395, 0.1245, 0.1)
(0.525, 0.232, 0.1)
(0.445, 0.1921, 0.1)
(0.385, 0.112, 0.1)
(0.405, 0.1426, 0.1)
(0.585, 0.2123, 0.1)
(0.535, 0.295, 0.1)
(0.425, 0.145, 0.1)
(0.61, 0.235, 0.1)
(0.48, 0.195, 0.1)
(0.39, 0.02, 0.1)
(0.5, 0.04, 0.1)
(0.54, 0.15, 0.1)
(0.33, 0.31, 0.1)
(0.36, 0.08, 0.1)
(0.4232, 0.001, 0.1)
(0.5768, 0.299, 0.1)
(0.398, 0.179, 0.1)
(0.617, 0.199, 0.1)
(0.5124, 0.249, 0.1)
(0.4876, 0.051, 0.1)
(0.36242, 0.311, 0.1)
(0.3883, 0.089, 0.1)
(0.44248, 0.2534, 0.1)
(0.5582, 0.1466, 0.1)





POSIZIONE PAN (PADELLA)
(0.58, 0.22, 0.1)
(0.58, -0.22, 0.1)


TEST CON COKE CAN
(0.473, 0.12, 0.1)
(0.387, 0.23, 0.1)
(0.572, 0.31, 0.1)
(0.612, 0.08, 0.1)
(0.342, 0.18, 0.1)
(0.452, 0.29, 0.1)
(0.582, 0.26, 0.1)
(0.402, 0.15, 0.1)
(0.352, 0.05, 0.1)
(0.502, 0.19, 0.1)
(0.532, 0.28, 0.1)
(0.602, 0.14, 0.1)
(0.362, 0.31, 0.1)
(0.392, 0.09, 0.1)
(0.442, 0.25, 0.1)

(0.473, -0.12, 0.1)
(0.387, -0.23, 0.1)
(0.572, -0.31, 0.1)
(0.612, -0.08, 0.1)
(0.342, -0.18, 0.1)
(0.452, -0.29, 0.1)
(0.582, -0.26, 0.1)
(0.402, -0.15, 0.1)
(0.352, -0.05, 0.1)
(0.502, -0.19, 0.1)
(0.532, -0.28, 0.1)
(0.602, -0.14, 0.1)
(0.362, -0.31, 0.1)
(0.392, -0.09, 0.1)
(0.442, -0.25, 0.1)


TEST CON BANANA (STESSE POSIZIONI DI TEST CON COKE CAN)
(0.473, 0.12, 0.1)
(0.387, 0.23, 0.1)
(0.572, 0.31, 0.1)
(0.612, 0.08, 0.1)
(0.342, 0.18, 0.1)
(0.452, 0.29, 0.1)
(0.582, 0.26, 0.1)
(0.402, 0.15, 0.1)
(0.352, 0.05, 0.1)
(0.502, 0.19, 0.1)
(0.532, 0.28, 0.1)
(0.602, 0.14, 0.1)
(0.362, 0.31, 0.1)
(0.392, 0.09, 0.1)
(0.442, 0.25, 0.1)

(0.473, -0.12, 0.1)
(0.387, -0.23, 0.1)
(0.572, -0.31, 0.1)
(0.612, -0.08, 0.1)
(0.342, -0.18, 0.1)
(0.452, -0.29, 0.1)
(0.582, -0.26, 0.1)
(0.402, -0.15, 0.1)
(0.352, -0.05, 0.1)
(0.502, -0.19, 0.1)
(0.532, -0.28, 0.1)
(0.602, -0.14, 0.1)
(0.362, -0.31, 0.1)
(0.392, -0.09, 0.1)
(0.442, -0.25, 0.1)



TEST CON COKE CAN E DISTANT LIGHT LATERALE (TIPO FINESTRA)

(0.473, 0.12, 0.1)
(0.387, 0.23, 0.1)
(0.572, 0.31, 0.1)
(0.612, 0.08, 0.1)
(0.342, 0.18, 0.1)
(0.452, 0.29, 0.1)
(0.582, 0.26, 0.1)
(0.402, -0.15, 0.1)
(0.352, -0.05, 0.1)
(0.502, -0.19, 0.1)
(0.532, -0.28, 0.1)
(0.602, -0.14, 0.1)
(0.362, -0.31, 0.1)
(0.392, -0.09, 0.1)
(0.442, -0.25, 0.1)

POSIZIONE PADELLA PER TEST CON DISTANT LIGHT LATERALE (TIPO FINESTRA)
(0.58, 0.22, 0.1)
(0.58, -0.22, 0.1)


TEST CON COKE CAN E BLUE BACKGROUND (È STATO FATTO ANCHE IL TEST CON WHITE BACKGROUND CON METÀ PIANO)

(0.473, 0.12, 0.4)
(0.387, 0.23, 0.4)
(0.572, 0.31, 0.4)
(0.612, 0.08, 0.4)
(0.342, 0.18, 0.4)
(0.452, 0.29, 0.4)
(0.582, 0.26, 0.4)
(0.402, -0.15, 0.4)
(0.352, -0.05, 0.2)
(0.502, -0.19, 0.4)
(0.532, -0.28, 0.4)
(0.602, -0.14, 0.4)
(0.362, -0.31, 0.4)
(0.392, -0.09, 0.2)
(0.442, -0.25, 0.4)

POSIZIONE PADELLA PER TEST CON BLUE BACKGROUND
(0.58, 0.22, 0.4)
(0.58, -0.22, 0.4)


TEST CON COKE CAN E GREEN GROUNDPLANE

(0.473, 0.12, 0.1)
(0.387, 0.23, 0.1)
(0.572, 0.31, 0.1)
(0.612, 0.08, 0.1)
(0.342, 0.18, 0.1)
(0.452, 0.29, 0.1)
(0.582, 0.26, 0.1)
(0.402, -0.15, 0.1)
(0.352, -0.05, 0.1)
(0.502, -0.19, 0.1)
(0.532, -0.28, 0.1)
(0.602, -0.14, 0.1)
(0.362, -0.31, 0.1)
(0.392, -0.09, 0.1)
(0.442, -0.25, 0.1)

POSIZIONE PADELLA PER TEST CON GREEN GROUNDPLANE
(0.58, 0.22, 0.1)
(0.58, -0.22, 0.1)

























