POSIZIONI CUBOIDE ROSSO 
(0.35, 0.0, 0.1) 
(0.4, 0.0, 0.1)  
(0.4, 0.2, 0.1)  
(0.4, -0.2, 0.1) 
(0.4, -0.17, 0.1) 
(0.4, 0.17, 0.1) 
(0.4, 0.12, 0.1) 
(0.42, 0.12, 0.1)  
(0.38, 0.12, 0.1)
(0.32, 0.12, 0.1) 
(0.32, 0.16, 0.1) 
(0.32, -0.16, 0.1)
(0.41, -0.16, 0.1) 
(0.41, 0.16, 0.1) 
(0.41, 0.21, 0.1) 
(0.41, -0.21, 0.1)  
(0.41, -0.24, 0.1) 
(0.41, 0.24, 0.1)
(0.41, 0.28, 0.1) 
(0.41, -0.28, 0.1)
(0.43, -0.28, 0.1)
(0.43, 0.28, 0.1)
(0.49, 0.33, 0.1)
(0.49, -0.33, 0.1)
(0.51, -0.19, 0.1)
(0.51, 0.19, 0.1)
(0.51, 0.26, 0.1)
(0.51, -0.26, 0.1)
(0.53, -0.26, 0.1)
(0.53, 0.26, 0.1)
(0.57, 0.26, 0.1)
(0.57, -0.26, 0.1)
(0.59, -0.22, 0.1)
(0.59, 0.22, 0.1)
(0.62, 0.14, 0.1)
(0.62, -0.14, 0.1)
(0.67, -0.08, 0.1)
(0.67, 0.16, 0.1)
(0.67, 0.23, 0.1)
(0.67, -0.27, 0.1)
(0.69, 0.27, 0.1)
(0.69, 0.06, 0.1)
(0.42, 0.03, 0.1)
(0.42, 0.21, 0.1)
(0.42, -0.21, 0.1)
(0.36, -0.11, 0.1)
(0.36, 0.11, 0.1)
(0.37, 0.23, 0.1)
(0.37, -0.23, 0.1)
(0.47, -0.24, 0.1)
(0.47, 0.24, 0.1)
(0.47, 0.28, 0.1)
(0.47, -0.28, 0.1)
(0.44, -0.18, 0.1)
(0.44, 0.18, 0.1)
(0.65, 0.23, 0.1)
(0.65, -0.23, 0.1)
(0.65, -0.14, 0.1)
(0.65, 0.14, 0.1)
(0.66, 0.03, 0.1)
(0.66, -0.03, 0.1)
(0.52, 0.0, 0.1)
(0.31, 0.0, 0.1)  
(0.65, 0.0, 0.1)
(0.36, 0.30, 0.1)
(0.36, -0.30, 0.1)
(0.48, -0.30, 0.1)
(0.48, 0.30, 0.1)
(0.56, 0.30, 0.1)
(0.56, -0.30, 0.1)
(0.63, -0.30, 0.1)
(0.63, 0.30, 0.1)
(0.58, 0.29, 0.1)
(0.58, -0.29, 0.1)
(0.61, -0.22, 0.1)
(0.61, 0.22, 0.1)
(0.54, 0.25, 0.1)
(0.54, -0.25, 0.1)
(0.48, -0.15, 0.1)
(0.48, 0.15, 0.1)
(0.45, 0.07, 0.1)
(0.45, -0.07, 0.1)
(0.39, -0.02, 0.1)
(0.39, 0.02, 0.1)
(0.35, 0.05, 0.1)
(0.35, -0.05, 0.1)
(0.36, -0.3, 0.1)
(0.41, -0.18, 0.1)
(0.47, -0.19, 0.1)
(0.52, -0.25, 0.1)
(0.61, -0.31, 0.1)
(0.59, -0.23, 0.1)
(0.34, -0.20, 0.1)

OTHER 200 RANDOM TRAJECTORIES 
(0.308, -0.183, 0.1)
(0.549, -0.188, 0.1)
(0.581, -0.095, 0.1)
(0.393, 0.205, 0.1)
(0.352, 0.184, 0.1)
(0.503, -0.227, 0.1)
(0.349, 0.181, 0.1)
(0.542, 0.186, 0.1)
(0.453, -0.16, 0.1)
(0.613, -0.124, 0.1)
(0.61, -0.288, 0.1)
(0.515, -0.18, 0.1)
(0.514, -0.157, 0.1)
(0.578, 0.229, 0.1)
(0.357, -0.238, 0.1)
(0.607, -0.192, 0.1)
(0.491, 0.057, 0.1)
(0.352, 0.151, 0.1)
(0.595, -0.085, 0.1)
(0.613, 0.036, 0.1)
(0.564, 0.182, 0.1)
(0.341, 0.257, 0.1)
(0.56, -0.144, 0.1)
(0.402, 0.215, 0.1)
(0.477, 0.263, 0.1)
(0.528, 0.18, 0.1)
(0.355, -0.232, 0.1)
(0.543, -0.125, 0.1)
(0.378, -0.031, 0.1)
(0.318, 0.142, 0.1)
(0.33, -0.268, 0.1)
(0.582, -0.251, 0.1)
(0.352, 0.074, 0.1)
(0.35, 0.037, 0.1)
(0.474, 0.261, 0.1)
(0.378, -0.108, 0.1)
(0.587, 0.04, 0.1)
(0.413, -0.288, 0.1)
(0.61, -0.001, 0.1)
(0.324, -0.261, 0.1)
(0.573, -0.163, 0.1)
(0.495, 0.075, 0.1)
(0.551, -0.034, 0.1)
(0.543, -0.06, 0.1)
(0.576, 0.233, 0.1)
(0.577, -0.028, 0.1)
(0.566, -0.003, 0.1)
(0.318, -0.28, 0.1)
(0.519, 0.28, 0.1)
(0.331, 0.249, 0.1)
(0.463, -0.208, 0.1)
(0.385, 0.234, 0.1)
(0.413, -0.248, 0.1)
(0.455, 0.194, 0.1)
(0.565, -0.11, 0.1)
(0.585, 0.296, 0.1)
(0.404, -0.122, 0.1)
(0.477, 0.095, 0.1)
(0.506, 0.158, 0.1)
(0.418, 0.081, 0.1)
(0.466, 0.066, 0.1)
(0.425, 0.062, 0.1)
(0.483, 0.27, 0.1)
(0.471, -0.047, 0.1)
(0.616, 0.079, 0.1)
(0.34, -0.014, 0.1)
(0.511, 0.23, 0.1)
(0.377, 0.104, 0.1)
(0.327, -0.287, 0.1)
(0.534, 0.266, 0.1)
(0.498, -0.095, 0.1)
(0.422, -0.24, 0.1)
(0.327, 0.159, 0.1)
(0.347, 0.015, 0.1)
(0.62, 0.293, 0.1)
(0.336, -0.031, 0.1)
(0.393, -0.186, 0.1)
(0.508, 0.111, 0.1)
(0.5, 0.184, 0.1)
(0.412, 0.294, 0.1)
(0.546, 0.273, 0.1)
(0.532, 0.065, 0.1)
(0.324, -0.236, 0.1)
(0.462, -0.234, 0.1)
(0.597, -0.043, 0.1)
(0.592, 0.144, 0.1)
(0.456, 0.185, 0.1)
(0.571, -0.29, 0.1)
(0.574, 0.299, 0.1)
(0.562, -0.242, 0.1)
(0.458, -0.093, 0.1)
(0.455, 0.032, 0.1)
(0.583, 0.22, 0.1)
(0.434, -0.076, 0.1)
(0.526, -0.016, 0.1)
(0.585, 0.204, 0.1)
(0.393, 0.184, 0.1)
(0.477, 0.0, 0.1)
(0.467, 0.073, 0.1)
(0.365, 0.019, 0.1)
(0.446, -0.044, 0.1)
(0.303, 0.246, 0.1)
(0.533, 0.083, 0.1)
(0.309, 0.133, 0.1)
(0.53, -0.205, 0.1)
(0.42, -0.119, 0.1)
(0.602, -0.163, 0.1)
(0.485, -0.142, 0.1)
(0.577, -0.267, 0.1)
(0.445, -0.262, 0.1)
(0.325, -0.241, 0.1)
(0.488, -0.152, 0.1)
(0.304, -0.22, 0.1)
(0.312, -0.001, 0.1)
(0.619, -0.242, 0.1)
(0.332, -0.253, 0.1)
(0.526, -0.12, 0.1)
(0.416, -0.142, 0.1)
(0.361, -0.282, 0.1)
(0.597, -0.22, 0.1)
(0.558, 0.248, 0.1)
(0.382, 0.274, 0.1)
(0.319, -0.056, 0.1)
(0.514, 0.106, 0.1)
(0.504, 0.247, 0.1)
(0.417, 0.269, 0.1)
(0.332, 0.281, 0.1)
(0.302, 0.21, 0.1)
(0.494, -0.087, 0.1)
(0.394, -0.072, 0.1)
(0.478, 0.173, 0.1)
(0.336, 0.098, 0.1)
(0.433, -0.295, 0.1)
(0.541, 0.162, 0.1)
(0.603, -0.106, 0.1)
(0.54, -0.016, 0.1)
(0.468, 0.27, 0.1)
(0.373, -0.017, 0.1)
(0.384, 0.168, 0.1)
(0.559, 0.056, 0.1)
(0.475, 0.225, 0.1)
(0.336, 0.035, 0.1)
(0.38, -0.211, 0.1)
(0.526, -0.05, 0.1)
(0.533, 0.21, 0.1)
(0.557, 0.27, 0.1)
(0.531, 0.191, 0.1)
(0.407, -0.109, 0.1)
(0.558, 0.265, 0.1)
(0.31, 0.065, 0.1)
(0.545, -0.185, 0.1)
(0.454, -0.044, 0.1)
(0.559, 0.013, 0.1)
(0.415, -0.178, 0.1)
(0.37, 0.095, 0.1)
(0.484, 0.041, 0.1)
(0.601, 0.262, 0.1)
(0.313, 0.099, 0.1)
(0.349, 0.266, 0.1)
(0.317, 0.022, 0.1)
(0.458, -0.172, 0.1)
(0.526, 0.188, 0.1)
(0.392, -0.229, 0.1)
(0.429, 0.103, 0.1)
(0.431, -0.1, 0.1)
(0.536, 0.2, 0.1)
(0.314, 0.195, 0.1)
(0.429, 0.13, 0.1)
(0.584, -0.298, 0.1)
(0.487, -0.107, 0.1)
(0.485, -0.247, 0.1)
(0.519, -0.006, 0.1)
(0.483, -0.282, 0.1)
(0.614, 0.039, 0.1)
(0.349, -0.081, 0.1)
(0.326, -0.195, 0.1)
(0.448, 0.192, 0.1)
(0.369, 0.139, 0.1)
(0.551, -0.158, 0.1)
(0.488, 0.262, 0.1)
(0.433, -0.145, 0.1)
(0.375, 0.051, 0.1)
(0.346, -0.099, 0.1)
(0.419, -0.016, 0.1)
(0.327, -0.156, 0.1)
(0.34, 0.246, 0.1)
(0.483, -0.207, 0.1)
(0.369, -0.089, 0.1)
(0.514, 0.222, 0.1)
(0.443, -0.033, 0.1)
(0.397, 0.237, 0.1)
(0.534, -0.133, 0.1)
(0.42, -0.295, 0.1)
(0.422, 0.087, 0.1)
(0.42, -0.207, 0.1)
(0.353, -0.238, 0.1)
(0.436, -0.072, 0.1)
(0.567, 0.134, 0.1)











TEST PER VEDERE SE FUNZIONA L'INFERENZA DEL MODELLO (POSIZIONI DEL CUBO NON INSERITE NEL FINETUNING)
(0.58, 0.22, 0.1)
(0.47, 0.24, 0.1) episodio speciale perchè appartiene al dataset ma lo voglio provare lo stesso
(0.5, -0.3, 0.1)
(0.345, -0.20, 0.1)
(0.47, -0.24, 0.1)
(0.58, -0.22, 0.1)
(0.5, 0.3, 0.1)
(0.42, 0.15, 0.1)
(0.42, -0.15, 0.1)
(0.66, 0.06, 0.1)
(0.66, -0.06, 0.1)
(0.39, 0.18, 0.1)
(0.39, -0.18, 0.1)
(0.53, 0.27, 0.1)
(0.53, -0.27, 0.1)
(0.45, 0.13, 0.1)
(0.45, -0.13, 0.1)
(0.51, 0.02, 0.1)
(0.51, -0.02, 0.1)
(0.43, 0.25, 0.1)
(0.43, -0.25, 0.1)
(0.61, 0.31, 0.1)
(0.61, -0.31, 0.1)
(0.55, 0.19, 0.1)
(0.55, -0.19, 0.1)
(0.4, 0.2, 0.1)
(0.4, -0.2, 0.1)
(0.63, 0.17, 0.1)
(0.63, -0.17, 0.1)
(0.33, 0.09, 0.1)
(0.33, -0.09, 0.1)



TEST COKE CAN 
(0.473, -0.12, 0.1)
(0.387, 0.23, 0.1)
(0.572, -0.31, 0.1)
(0.612, 0.08, 0.1)
(0.342, -0.18, 0.1)
(0.452, 0.29, 0.1)
(0.582, -0.26, 0.1)
(0.402, 0.15, 0.1)
(0.352, -0.05, 0.1)
(0.502, 0.19, 0.1)
(0.532, -0.28, 0.1)
(0.602, 0.14, 0.1)
(0.362, -0.31, 0.1)
(0.392, 0.09, 0.1)
(0.442, 0.25, 0.1)
(0.502, -0.19, 0.1)


TEST BANANA 
(0.473, -0.12, 0.1)
(0.387, 0.23, 0.1)
(0.572, -0.31, 0.1)
(0.612, 0.08, 0.1)
(0.342, -0.18, 0.1)
(0.452, 0.29, 0.1)
(0.582, -0.26, 0.1)
(0.402, 0.15, 0.1)
(0.352, -0.05, 0.1)
(0.502, 0.19, 0.1)
(0.532, -0.28, 0.1)
(0.602, 0.14, 0.1)
(0.362, -0.31, 0.1)
(0.392, 0.09, 0.1)
(0.442, 0.25, 0.1)
(0.502, -0.19, 0.1)



TEST COKE CAN CON BANANA IN MEZZO 
(0.473, -0.12, 0.1)
(0.387, 0.23, 0.1)
(0.572, -0.31, 0.1)
(0.612, 0.08, 0.1)
(0.342, -0.18, 0.1)
(0.452, 0.29, 0.1)
(0.582, -0.26, 0.1)
(0.402, 0.15, 0.1)*   con banana su (0.4, 0.2, 0.1) si sovrappongono quindi saltato
(0.352, -0.05, 0.1)
(0.502, 0.19, 0.1)
(0.532, -0.28, 0.1)
(0.602, 0.14, 0.1)
(0.362, -0.31, 0.1)
(0.392, 0.09, 0.1)
(0.442, 0.25, 0.1)*
(0.502, -0.19, 0.1)

(BANANA POSITIONS: (0.4, -0.2, 0.1) OR (0.4, 0.2, 0.1))
30 EPISODI (15 PER LATO BANANA)























